"EstC" "IDLC" "IDLFC" "IDLL" "IDLP" "IDLPL" "XSVLDLL" "XSVLDLPL" "rs185567543" "FAw3" "FAw6" "IDLTG" "SHDLTG" "SVLDLFC" "SVLDLL" "SVLDLP" "SVLDLPL" "XSVLDLP" "XSVLDLTG" "Glol" "Gly" "Gp" "HDLC" "LDLD" "MHDLC" "MHDLCE" "MHDLFC" "MHDLP" "SHDLL" "SHDLP" "XLVLDLP" "rs144064722" "ApoB" "BisDBRatio" "BisFARatio" "CH2DBRatio" "CH2InFA" "DBInFA" "FALen" "FreeC" "Gln" "LA" "LVLDLP" "OtPUFA" "PC" "SM" "TotPG" "rs174594" "rs56155711" "rs75679663" "LDLC" "LLDLC" "LLDLCE" "LLDLFC" "LLDLL" "LLDLP" "LLDLPL" "MLDLC" "MLDLCE" "MLDLL" "MLDLP" "MLDLPL" "SLDLC" "SLDLL" "SLDLP" "rs11591147" "rs12740374" "rs17248727" "rs3005923" "rs7412" "ApoA1" "HDLD" "LHDLC" "LHDLCE" "LHDLFC" "LHDLL" "LHDLP" "XLHDLC" "XLHDLCE" "XLHDLFC" "XLHDLL" "XLHDLP" "XLHDLPL" "XLHDLTG" "rs10468017" "rs111543310" "rs113083442" "rs11639208" "rs173539" "rs6073958" "rs633695" "FAw79S" "LVLDLC" "LVLDLCE" "LVLDLFC" "LVLDLPL" "LVLDLTG" "MUFA" "MVLDLC" "MVLDLCE" "MVLDLFC" "MVLDLL" "MVLDLP" "MVLDLPL" "MVLDLTG" "SVLDLTG" "SerumTG" "TotFA" "VLDLD" "XLVLDLTG" "rs115849089" "rs1260326" "rs140576955" "rs6976930" "rs8107974" "rs964184"
"EstC" 1 1 1 0.920044414629323 0.920044414629323 1 1 1 1 1 1 1 1 1 1 1 1 1 1 1 1 1 1 1 1 1 1 1 1 1 1 1 1 1 1 1 1 1 1 1 1 1 1 1 1 1 1 1 1 1 0.846481724890614 1 0.920044414629323 1 0.920044414629323 0.920044414629323 1 0.846481724890614 0.920044414629323 1 1 1 0.920044414629323 0.920044414629323 0.920044414629323 1 1 1 1 1 1 1 1 1 1 1 1 1 1 1 1 1 1 1 1 1 1 1 1 1 1 1 1 1 1 1 1 1 1 1 1 1 1 1 1 1 1 1 1 1 1 1 1 1 1 1
"IDLC" 1 1 0.606530659712633 1 1 0.920044414629323 1 0.920044414629323 1 1 1 1 1 1 1 1 1 1 1 1 1 1 1 1 1 1 1 1 1 1 1 1 1 1 1 1 1 1 1 1 1 1 1 1 1 1 1 1 1 1 1 1 1 1 0.147096467392976 1 1 1 1 1 1 0.920044414629323 1 1 1 1 1 1 1 1 1 1 1 1 1 1 1 1 1 1 1 1 1 1 1 1 1 1 1 1 1 1 1 1 1 1 1 1 1 1 1 1 1 1 1 1 1 1 1 1 1 1 1 1 1 1
"IDLFC" 1 1 1 1 1 0.920044414629323 1 0.920044414629323 1 1 1 1 1 1 1 1 1 1 1 1 1 1 1 1 1 1 1 1 1 1 1 1 1 1 1 1 1 1 1 1 1 1 1 1 1 1 1 1 1 1 1 1 1 1 1 1 1 1 1 1 1 1 1 1 1 1 1 1 1 1 1 1 1 1 1 1 1 1 1 1 1 1 1 1 1 1 1 1 1 1 1 1 1 1 1 1 1 1 1 1 1 1 1 1 1 1 1 1 1 1 1 1 1 1 1 1
"IDLL" 1 0.716531310573789 0.778800783071405 1 0.846481724890614 0.920044414629323 1 0.920044414629323 1 1 1 1 1 1 1 1 1 1 1 1 1 1 1 1 1 1 1 1 1 1 1 1 1 1 1 1 1 1 1 1 1 1 1 1 1 1 1 1 1 1 0.778800783071405 0.920044414629323 1 0.846481724890614 1 0.920044414629323 1 0.920044414629323 1 1 1 1 0.920044414629323 1 1 1 1 1 1 1 1 1 1 1 1 1 1 1 1 1 1 1 1 1 1 1 1 1 1 1 1 1 1 1 1 1 1 1 1 1 1 1 1 1 1 1 1 1 1 1 1 1 1 1 1 1
"IDLP" 1 0.920044414629323 0.920044414629323 1 1 0.920044414629323 1 0.846481724890614 1 1 1 1 1 1 1 1 1 1 1 1 1 1 1 1 1 1 1 1 1 1 1 1 1 1 1 1 1 1 1 1 1 1 1 1 1 1 1 1 1 1 1 1 1 1 1 0.920044414629323 1 1 1 1 1 1 1 1 1 1 1 1 1 1 1 1 1 1 1 1 1 1 1 1 1 1 1 1 1 1 1 1 1 1 1 1 1 1 1 1 1 1 1 1 1 1 1 1 1 1 1 1 1 1 1 1 1 1 1 1
"IDLPL" 1 1 1 1 1 1 1 0.920044414629323 1 1 1 1 1 1 1 1 1 1 1 1 1 1 1 1 1 1 1 1 1 1 1 1 1 1 1 1 1 1 1 1 1 1 1 1 1 1 1 1 1 1 1 1 1 1 1 1 1 1 1 1 1 1 1 1 1 1 1 1 1 1 1 1 1 1 1 1 1 1 1 1 1 1 1 1 1 1 1 1 1 1 1 1 1 1 1 1 1 1 1 1 1 1 1 1 1 1 1 1 1 1 1 1 1 1 1 1
"XSVLDLL" 1 1 1 1 0.920044414629323 1 1 0.513417119032592 1 0.846481724890614 1 1 1 0.920044414629323 1 0.920044414629323 0.659240630200444 0.0694834512228013 1 1 1 1 1 1 0.778800783071405 0.778800783071405 0.920044414629323 1 1 1 1 1 1 1 1 1 1 1 1 1 1 1 1 1 0.920044414629323 1 1 1 1 1 1 1 1 1 1 1 1 1 1 1 1 1 1 1 1 1 1 1 1 1 1 1 1 1 1 1 1 1 1 1 1 1 1 1 1 1 1 1 1 1 1 0.920044414629323 1 0.778800783071405 1 1 1 1 0.846481724890614 0.778800783071405 1 1 1 1 1 1 1 1 0.920044414629323 1 1 1 1 1 1 1
"XSVLDLPL" 1 1 1 1 1 1 1 1 1 1 1 1 1 1 1 1 1 1 1 1 1 1 1 1 1 0.920044414629323 1 1 1 1 1 1 1 1 1 1 1 1 1 1 1 1 1 1 1 1 1 1 1 1 1 1 1 1 1 1 1 1 1 1 1 1 1 1 1 1 1 1 1 1 1 1 1 1 1 1 1 1 1 1 1 1 1 1 1 1 1 1 1 1 1 1 1 1 1 1 1 1 1 1 1 1 1 1 1 1 1 1 1 1 1 1 1 1 1 1
"rs185567543" 0.882496902584595 0.352866081458848 0.716531310573789 0.846481724890614 0.882496902584595 0.959189457109138 0.606530659712633 0.920044414629323 1 0.920044414629323 1 0.298694689288679 0.242521074635648 0.959189457109138 1 0.811936346150635 0.882496902584595 0.581777814209808 0.263597138115728 0.00732350187876538 0.49246428767541 0.00547078406699411 0.959189457109138 0.0175681677222919 0.920044414629323 0.846481724890614 0.959189457109138 0.959189457109138 0.00732350187876538 0.0404239303761555 1 1 0.959189457109138 0.181167486946923 0.159879746079694 0.0724397570342515 0.0175681677222919 0.453089017280169 0.747017500310432 0.434598208507078 0.920044414629323 0.472366552741015 0.920044414629323 0.0724397570342515 1 0.252839595804746 0.959189457109138 1 0.943335449873492 1 0.00269416577857822 0.00594621735647209 0.00673794699908547 0.00619921050257701 0.0477552310788268 0.716531310573789 0.882496902584595 0.00503336432448099 0.338465425106743 0.778800783071405 0.716531310573789 0.882496902584595 0.105399224561864 0.606530659712633 0.581777814209808 1 1 1 0.468446520952634 0.562704868806956 0.846481724890614 0.846481724890614 0.920044414629323 0.882496902584595 1 1 1 0.920044414629323 0.846481724890614 1 0.846481724890614 0.882496902584595 0.920044414629323 0.11943296826672 1 1 0.991701292638876 1 1 0.959189457109138 0.983471453821617 0.716531310573789 1 1 1 1 1 0.716531310573789 0.959189457109138 1 0.882496902584595 0.846481724890614 0.846481724890614 0.920044414629323 0.846481724890614 0.63233666218625 0.959189457109138 0.882496902584595 0.959189457109138 1 1 1 1 1 0.951229424500714 0.897328437094284
"FAw3" 1 1 1 1 1 1 1 1 1 1 0.920044414629323 1 1 1 1 1 1 1 1 1 1 1 1 1 1 1 1 1 1 1 1 1 1 1 1 1 1 1 1 1 1 1 1 1 1 1 1 1 1 1 1 1 1 1 1 1 1 1 1 1 1 1 1 1 1 1 1 1 1 1 1 1 1 1 1 1 1 1 1 1 1 1 1 1 1 1 1 1 1 1 1 1 1 1 1 1 1 1 1 1 1 1 1 1 1 1 1 0.846481724890614 1 1 1 1 1 1 1 1
"FAw6" 1 1 1 1 1 1 1 1 1 1 1 1 1 1 1 1 1 1 1 1 1 1 1 1 1 1 1 1 1 1 1 1 1 1 1 1 1 1 1 1 1 1 1 1 1 1 1 1 1 1 1 1 1 1 1 1 1 1 1 1 1 1 1 1 1 1 1 1 1 1 1 1 1 1 1 1 1 1 1 1 1 1 1 1 1 1 1 1 1 1 1 1 1 1 1 1 1 1 1 0.920044414629323 1 1 1 1 1 1 1 0.920044414629323 1 1 1 1 1 1 1 1
"IDLTG" 1 1 1 1 0.920044414629323 1 0.20528965757991 0.778800783071405 1 0.778800783071405 1 1 1 0.920044414629323 1 0.846481724890614 0.920044414629323 0.159879746079694 0.0892185174092598 1 0.920044414629323 1 1 1 0.920044414629323 0.920044414629323 0.920044414629323 0.920044414629323 1 1 1 1 1 1 1 1 1 1 1 1 0.846481724890614 1 1 0.846481724890614 0.920044414629323 1 1 1 1 1 1 1 1 1 1 1 1 0.920044414629323 1 1 0.920044414629323 1 0.920044414629323 1 0.920044414629323 1 1 1 1 1 1 1 1 1 1 1 1 0.920044414629323 1 1 0.920044414629323 0.846481724890614 0.920044414629323 1 1 1 1 1 1 1 1 0.846481724890614 1 1 1 1 1 0.778800783071405 1 1 1 1 1 1 1 0.659240630200444 0.920044414629323 0.846481724890614 0.920044414629323 1 1 1 1 1 1 1
"SHDLTG" 1 1 1 1 1 1 0.338465425106743 1 1 0.846481724890614 0.716531310573789 0.147096467392976 1 0.846481724890614 0.513417119032592 0.124514471444123 0.159879746079694 0.20528965757991 0.00444192842593428 1 0.920044414629323 1 1 1 1 1 1 1 1 1 1 1 1 0.716531310573789 0.846481724890614 0.846481724890614 0.716531310573789 1 1 1 1 1 1 0.472366552741015 1 1 0.920044414629323 1 1 1 1 1 1 1 1 1 1 1 1 1 1 1 1 1 1 1 1 1 1 1 1 1 1 1 1 1 1 1 1 1 1 1 1 1 1 1 1 1 1 1 1 0.188875602837561 1 0.716531310573789 1 1 1 0.173773943450445 0.558035145770047 0.659240630200444 0.311403223914597 0.0969719678644054 1 0.28650479686019 0.159879746079694 0.0199073420777336 0.399849654344847 0.338465425106743 1 1 1 1 1 1 1 1
"SVLDLFC" 1 1 1 1 1 1 1 1 1 1 1 1 1 1 1 1 1 1 1 1 1 1 1 1 1 1 1 1 1 1 1 1 1 1 1 1 1 1 1 1 1 1 1 1 1 1 1 1 1 1 1 1 1 1 1 1 1 1 1 1 1 1 1 1 1 1 1 1 1 1 1 1 1 1 1 1 1 1 1 1 1 1 1 1 1 1 1 1 1 1 1 1 1 1 1 1 1 1 1 1 1 1 1 1 1 1 1 1 1 1 1 1 1 1 1 1
"SVLDLL" 1 1 1 1 1 1 1 1 1 1 1 1 1 1 1 0.472366552741015 1 1 1 1 1 1 1 1 1 1 1 1 1 1 1 1 1 1 1 1 1 1 1 1 1 1 1 1 1 1 1 1 1 1 1 1 1 1 1 1 1 1 1 1 1 1 1 1 1 1 1 1 1 1 1 1 1 1 1 1 1 1 1 1 1 1 1 1 1 1 1 1 1 1 1 1 1 1 1 1 1 1 1 1 1 1 1 1 1 1 1 1 1 1 1 1 1 1 1 1
"SVLDLP" 1 1 1 1 1 1 1 1 1 1 1 1 1 0.920044414629323 1 1 1 1 1 1 1 1 1 1 1 1 1 1 1 1 1 1 1 1 1 1 1 1 1 1 1 1 1 1 1 1 1 1 1 1 1 1 1 1 1 1 1 1 1 1 1 1 1 1 1 1 1 1 1 1 1 1 1 1 1 1 1 1 1 1 1 1 1 1 1 1 1 1 1 1 1 1 1 1 1 1 1 1 1 1 1 1 1 1 1 1 1 1 1 1 1 1 1 1 1 1
"SVLDLPL" 1 1 1 1 1 1 1 1 1 1 1 1 1 1 0.513417119032592 0.22313016014843 1 1 1 1 1 1 1 1 1 1 1 1 1 1 1 1 1 1 1 1 1 1 1 1 1 1 1 1 1 1 1 1 1 1 1 1 1 1 1 1 1 1 1 1 1 1 1 1 1 1 1 1 1 1 1 1 1 1 1 1 1 1 1 1 1 1 1 1 1 1 1 1 1 1 1 1 1 1 1 1 1 1 1 0.846481724890614 1 1 1 1 1 1 1 1 1 1 1 1 1 1 1 1
"XSVLDLP" 1 1 1 1 0.920044414629323 1 1 0.513417119032592 1 0.778800783071405 1 1 1 0.846481724890614 0.920044414629323 0.606530659712633 0.472366552741015 1 1 1 1 1 1 1 0.920044414629323 0.920044414629323 0.920044414629323 1 1 1 1 1 1 1 1 1 1 1 1 1 1 1 1 1 0.920044414629323 1 1 1 1 1 1 1 1 1 1 1 1 1 1 1 1 1 1 1 1 1 1 1 1 1 1 1 1 1 1 1 1 1 1 1 1 1 1 1 1 1 1 1 1 1 1 1 1 1 1 1 1 1 0.778800783071405 0.778800783071405 1 1 1 1 1 1 1 0.920044414629323 0.920044414629323 1 1 1 1 1 1 1
"XSVLDLTG" 1 1 1 1 1 1 0.124514471444123 0.778800783071405 1 0.778800783071405 1 1 1 0.778800783071405 0.472366552741015 0.0694834512228013 0.135335283236613 0.0694834512228013 1 1 0.920044414629323 1 1 1 1 1 1 1 1 1 1 1 1 1 1 1 1 1 1 1 0.920044414629323 1 1 1 1 1 1 1 1 1 1 1 1 1 1 1 1 1 1 1 1 1 1 1 1 1 1 1 1 1 1 1 1 1 1 1 1 1 1 1 1 1 1 1 1 1 1 1 1 1 1 0.338465425106743 0.920044414629323 0.472366552741015 1 1 1 0.242521074635648 0.659240630200444 0.716531310573789 1 1 1 0.513417119032592 1 1 1 0.513417119032592 1 1 1 1 1 1 1 1
"Glol" 1 1 1 1 1 1 0.778800783071405 1 1 1 1 0.399849654344847 0.367879441171442 1 1 1 1 1 0.606530659712633 1 0.159879746079694 2.14454083165892e-05 0.920044414629323 7.48518298877006e-05 0.920044414629323 0.716531310573789 1 0.920044414629323 3.535750085041e-05 0.000653391979867382 0.846481724890614 1 0.920044414629323 0.778800783071405 0.606530659712633 0.0301973834223185 0.00138323083223384 1 0.558035145770047 1 0.606530659712633 0.778800783071405 0.659240630200444 0.159879746079694 1 0.188875602837561 0.920044414629323 1 1 1 1 1 1 1 1 1 1 0.920044414629323 1 1 1 1 0.778800783071405 1 0.920044414629323 1 1 1 1 1 1 0.846481724890614 1 0.920044414629323 1 1 1 0.920044414629323 0.778800783071405 1 0.716531310573789 0.920044414629323 1 0.0120744133235328 1 1 1 1 1 1 1 0.716531310573789 1 1 1 1 1 1 0.846481724890614 1 0.513417119032592 0.513417119032592 0.846481724890614 0.920044414629323 0.513417119032592 1 1 0.920044414629323 1 1 1 1 1 1 1 1
"Gly" 1 1 1 1 1 1 0.920044414629323 1 1 1 1 1 1 1 1 1 1 1 1 1 1 1 1 1 1 0.716531310573789 1 0.920044414629323 1 1 0.778800783071405 1 1 1 1 1 1 1 1 1 0.778800783071405 1 1 1 1 1 1 1 1 1 1 1 1 1 1 1 1 1 1 1 1 1 0.920044414629323 1 1 1 1 1 1 1 1 1 1 1 1 1 1 1 1 1 1 1 1 1 1 1 1 1 1 1 1 1 1 0.846481724890614 0.920044414629323 1 1 1 1 0.920044414629323 1 1 1 1 1 1 1 1 1 1 1 1 1 1 1 1
"Gp" 1 1 1 1 1 1 0.778800783071405 1 1 1 0.920044414629323 0.20528965757991 0.0892185174092598 1 0.920044414629323 0.778800783071405 0.716531310573789 0.846481724890614 0.173773943450445 1 0.28650479686019 1 0.920044414629323 0.00012340980408668 1 0.846481724890614 1 0.920044414629323 3.84302108552596e-05 0.00107726125531222 1 1 1 0.716531310573789 0.659240630200444 0.105399224561864 0.00444192842593428 0.920044414629323 0.716531310573789 1 0.716531310573789 0.606530659712633 1 0.22313016014843 1 0.173773943450445 0.920044414629323 1 1 1 1 1 1 0.920044414629323 1 1 1 0.920044414629323 1 1 1 1 0.846481724890614 1 0.920044414629323 1 1 1 1 1 1 1 1 1 1 1 1 0.920044414629323 0.920044414629323 1 0.846481724890614 1 1 0.0168512012599476 1 1 1 1 1 1 1 0.716531310573789 1 1 1 1 1 0.513417119032592 1 1 0.920044414629323 0.846481724890614 1 1 1 0.558035145770047 0.846481724890614 0.846481724890614 0.920044414629323 1 1 1 1 1 1 1
"HDLC" 1 1 1 1 1 1 1 1 1 1 1 1 1 1 1 1 1 1 1 1 1 1 1 0.920044414629323 1 1 1 1 0.920044414629323 0.920044414629323 1 1 1 1 1 1 1 1 1 1 1 1 1 1 1 1 1 1 1 1 1 1 1 1 1 1 1 1 1 1 1 1 1 1 1 1 1 1 1 1 1 1 0.920044414629323 0.920044414629323 1 1 1 0.920044414629323 0.920044414629323 1 1 1 1 1 1 1 1 1 1 1 1 1 1 1 1 1 1 1 1 1 1 1 1 1 1 1 1 1 1 1 1 1 1 1 1 1
"LDLD" 1 1 1 1 0.920044414629323 1 0.173773943450445 0.513417119032592 1 0.920044414629323 0.920044414629323 0.338465425106743 0.558035145770047 1 1 1 0.920044414629323 0.242521074635648 0.513417119032592 1 0.311403223914597 1 1 1 0.606530659712633 0.778800783071405 0.846481724890614 1 4.53999297624849e-05 0.000508862185573294 1 1 1 0.846481724890614 0.846481724890614 0.0639278612067076 0.00376001123582552 1 0.513417119032592 1 0.434598208507078 0.716531310573789 0.920044414629323 0.28650479686019 0.920044414629323 0.20528965757991 1 1 1 1 1 1 1 1 1 1 1 0.920044414629323 1 1 1 1 0.846481724890614 0.920044414629323 1 1 1 1 1 1 1 1 1 1 1 1 1 0.920044414629323 0.920044414629323 1 0.920044414629323 1 1 0.0120744133235328 1 1 1 1 1 1 1 1 1 1 1 1 1 0.920044414629323 1 0.920044414629323 0.920044414629323 0.920044414629323 0.920044414629323 1 0.920044414629323 0.920044414629323 1 1 0.846481724890614 1 1 1 1 1 1 1
"MHDLC" 1 1 1 1 1 1 1 1 1 1 1 1 1 1 1 1 1 1 1 1 1 1 1 1 1 0.846481724890614 0.920044414629323 1 1 1 1 1 1 1 1 1 1 1 1 1 1 1 1 1 1 1 1 1 1 1 1 1 1 1 1 1 1 1 1 1 1 1 1 1 1 1 1 1 1 1 1 1 1 1 1 1 1 1 1 1 1 1 1 1 1 1 1 1 1 1 1 1 1 1 1 1 1 1 1 1 1 1 1 1 1 1 1 1 0.920044414629323 1 1 1 1 1 1 1
"MHDLCE" 1 1 1 1 1 1 1 1 1 1 1 1 1 1 1 1 1 1 1 1 1 1 1 1 1 1 1 0.920044414629323 1 1 1 1 1 1 1 1 1 1 1 1 1 1 1 1 1 1 1 1 1 1 1 1 1 1 1 1 1 1 1 1 1 1 1 1 1 1 1 1 1 1 1 1 1 1 1 1 1 1 1 1 1 1 1 1 1 1 1 1 1 1 1 1 1 1 1 1 1 1 1 1 1 1 1 1 1 1 1 1 1 1 1 1 1 1 1 1
"MHDLFC" 1 1 1 1 1 1 1 1 1 1 1 1 1 1 1 1 1 1 1 1 1 1 1 1 1 1 1 1 1 1 1 1 1 1 1 1 1 1 1 1 1 1 1 1 1 1 1 1 1 1 1 1 1 1 1 1 1 1 1 1 1 1 1 1 1 1 1 1 1 1 1 1 1 1 1 1 1 1 1 1 1 1 1 1 1 1 1 1 1 1 1 1 1 1 1 1 1 1 1 1 1 1 1 1 1 1 1 1 1 1 1 1 1 1 1 1
"MHDLP" 1 1 1 1 1 1 1 1 1 1 1 1 1 1 1 1 1 1 1 1 1 1 1 1 1 1 1 1 1 1 1 1 1 1 1 1 1 1 1 1 1 1 1 1 1 1 1 1 1 1 1 1 1 1 1 1 1 1 1 1 1 1 1 1 1 1 1 1 1 1 1 1 1 1 1 1 1 1 1 1 1 1 1 1 1 1 1 1 1 1 1 1 1 1 1 1 1 1 1 1 1 1 1 1 1 1 1 1 1 1 1 1 1 1 1 1
"SHDLL" 1 1 1 1 1 1 0.606530659712633 0.846481724890614 1 1 1 0.311403223914597 0.367879441171442 1 1 1 1 0.778800783071405 0.513417119032592 1 0.367879441171442 1 1 1 0.716531310573789 0.846481724890614 0.920044414629323 1 1 0.000145791457107509 1 1 1 0.920044414629323 0.778800783071405 0.0892185174092598 0.00619921050257701 1 0.846481724890614 1 0.659240630200444 0.846481724890614 1 0.20528965757991 0.920044414629323 0.399849654344847 1 1 1 1 0.846481724890614 1 1 0.846481724890614 1 1 1 0.513417119032592 0.846481724890614 1 0.778800783071405 1 0.472366552741015 0.659240630200444 0.558035145770047 1 1 1 1 1 1 1 1 1 0.920044414629323 1 1 0.920044414629323 0.920044414629323 0.778800783071405 0.920044414629323 0.659240630200444 0.606530659712633 0.00524751839918138 1 1 1 1 1 1 1 1 1 1 1 1 1 1 1 1 1 1 1 1 1 1 1 1 0.920044414629323 1 1 1 1 1 1 1
"SHDLP" 1 1 1 1 1 1 0.606530659712633 0.846481724890614 1 1 1 0.606530659712633 0.716531310573789 1 1 1 1 0.846481724890614 0.778800783071405 1 0.606530659712633 1 1 1 0.716531310573789 0.846481724890614 0.920044414629323 1 1 1 1 1 1 1 0.920044414629323 0.242521074635648 0.0541137662228214 1 1 1 0.716531310573789 0.920044414629323 1 0.472366552741015 1 0.778800783071405 1 1 1 1 1 1 1 1 1 1 1 0.920044414629323 1 1 1 1 0.920044414629323 0.920044414629323 1 1 1 1 1 1 1 1 1 1 0.920044414629323 1 1 1 1 1 1 0.920044414629323 0.846481724890614 0.0155038535990093 1 1 1 1 1 1 1 1 1 1 1 1 1 1 1 1 1 1 1 1 1 1 1 1 1 1 1 1 1 1 1 1
"XLVLDLP" 1 1 1 1 1 1 1 1 1 1 1 1 1 1 1 1 1 1 1 1 1 1 1 1 1 0.920044414629323 1 1 1 1 1 1 1 1 1 1 1 1 1 1 1 1 1 1 1 1 1 1 1 1 1 1 1 1 1 1 1 1 1 1 1 1 1 1 1 1 1 1 1 1 1 1 1 1 1 1 1 1 1 1 1 1 1 1 1 1 1 1 1 1 1 1 1 1 1 1 1 1 1 1 1 1 1 1 1 1 1 1 1 1 1 1 1 1 1 1
"rs144064722" 0.882496902584595 0.581777814209808 0.846481724890614 0.882496902584595 0.920044414629323 0.959189457109138 0.811936346150635 0.920044414629323 0.293757700323533 0.882496902584595 0.920044414629323 0.63233666218625 0.53526142851899 0.959189457109138 1 1 0.920044414629323 0.811936346150635 0.558035145770047 0.0120744133235328 0.581777814209808 0.0148711329167334 0.920044414629323 0.0161634945881659 0.882496902584595 0.959189457109138 1 1 0.0102207702171464 0.0421438435092763 1 1 1 0.20528965757991 0.173773943450445 0.0421438435092763 0.0155038535990093 0.32465246735835 0.687289278790972 0.453089017280169 0.716531310573789 0.558035145770047 0.959189457109138 0.0855774612778707 1 0.383531572876311 1 0.596505589694968 0.967216100482006 1 0.0277829339541243 0.0666477938564685 0.06131893048501 0.0787350652668616 0.188875602837561 0.882496902584595 1 0.0277829339541243 0.383531572876311 0.882496902584595 0.778800783071405 0.811936346150635 0.196911675204194 0.53526142851899 0.581777814209808 1 1 0.875173319042948 0.63233666218625 0.693040620086441 0.846481724890614 0.716531310573789 0.959189457109138 0.846481724890614 1 1 1 0.846481724890614 0.659240630200444 1 0.716531310573789 0.716531310573789 0.778800783071405 0.188875602837561 1 1 1 1 0.860707976425058 0.975309912028333 1 0.959189457109138 1 0.959189457109138 0.959189457109138 1 1 0.920044414629323 1 0.959189457109138 1 1 0.959189457109138 1 0.959189457109138 0.920044414629323 1 0.882496902584595 0.959189457109138 1 1 1 1 1 0.959189457109138 0.959189457109138
"ApoB" 1 1 1 1 1 1 1 1 1 1 1 1 0.920044414629323 1 1 1 1 1 1 1 1 1 1 1 1 1 1 1 1 1 1 1 1 1 1 1 1 1 0.846481724890614 1 1 0.846481724890614 0.846481724890614 1 1 1 1 1 1 1 1 1 1 1 1 1 1 1 1 1 1 1 1 1 1 1 1 1 1 1 1 1 1 1 1 1 1 1 1 1 1 1 1 1 1 1 1 1 1 1 1 1 1 1 1 1 1 1 1 1 1 1 0.846481724890614 1 1 1 1 1 1 1 1 1 1 1 1 1
"BisDBRatio" 1 1 1 1 1 1 0.920044414629323 1 1 1 1 0.920044414629323 1 1 1 0.920044414629323 0.778800783071405 0.920044414629323 0.606530659712633 1 1 1 1 1 1 1 1 1 1 1 1 1 1 1 9.61116520613947e-05 0.000240369476419515 0.00012340980408668 0.013123728736941 1 1 1 1 1 0.000145791457107509 1 1 1 1 1 1 1 1 1 1 1 1 1 1 1 1 1 1 1 1 1 1 1 1 1 1 1 1 1 1 1 1 1 1 1 1 1 1 1 1 1 1 1 1 1 1 1 1 1 1 1 1 1 0.846481724890614 1 1 0.920044414629323 0.920044414629323 1 1 0.920044414629323 0.659240630200444 0.920044414629323 1 1 1 1 1 1 1 1 1
"BisFARatio" 1 1 1 1 1 1 1 1 1 1 1 1 1 1 1 1 0.920044414629323 1 0.846481724890614 1 0.920044414629323 1 1 1 1 1 1 1 1 1 1 1 1 1 1 0.00012340980408668 7.48518298877006e-05 0.013123728736941 1 1 1 1 1 8.13567570190157e-05 1 1 1 1 1 1 1 1 1 1 1 1 1 1 1 1 1 1 1 1 1 1 1 1 1 1 1 1 1 1 1 1 1 1 1 1 1 1 1 1 1 1 1 1 1 1 1 1 1 1 1 1 1 0.846481724890614 1 1 1 1 1 1 1 0.846481724890614 1 1 1 1 1 1 1 1 1 1
"CH2DBRatio" 1 1 1 1 1 1 0.920044414629323 1 1 1 1 1 1 1 1 1 1 1 0.920044414629323 1 0.606530659712633 1 1 1 1 0.920044414629323 0.920044414629323 1 1 1 1 1 1 1 1 1 4.78511739212901e-06 0.0155038535990093 1 1 0.920044414629323 1 1 4.9345367506824e-05 1 1 1 1 1 1 1 1 1 1 1 1 1 1 1 1 1 1 0.920044414629323 1 1 1 1 1 1 1 1 1 1 1 1 1 1 1 1 1 1 1 1 1 1 1 1 1 1 1 1 1 1 1 1 1 1 0.920044414629323 1 1 0.846481724890614 0.846481724890614 1 1 0.846481724890614 1 1 1 1 1 1 1 1 1 1 1
"CH2InFA" 1 1 1 1 1 1 0.513417119032592 1 1 1 1 0.846481724890614 1 1 1 0.716531310573789 0.778800783071405 0.558035145770047 0.338465425106743 1 0.472366552741015 1 1 1 1 0.716531310573789 0.920044414629323 1 1 1 1 1 1 1 1 1 1 0.0199073420777336 1 1 0.558035145770047 1 1 2.99294783076754e-05 0.659240630200444 1 0.846481724890614 1 1 1 1 1 1 1 1 1 1 1 1 1 1 1 0.846481724890614 1 1 1 1 1 1 1 1 1 1 1 1 1 1 1 1 1 0.920044414629323 1 1 1 1 1 1 1 1 1 1 0.558035145770047 1 0.606530659712633 0.846481724890614 1 0.920044414629323 0.472366552741015 0.778800783071405 1 0.22313016014843 0.173773943450445 1 0.659240630200444 0.242521074635648 0.367879441171442 1 1 0.920044414629323 0.920044414629323 1 1 1 1 1 1
"DBInFA" 1 1 1 1 1 1 1 1 1 1 1 1 1 1 1 1 1 1 1 1 1 1 1 1 1 1 1 1 1 1 1 1 1 1 1 1 1 1 1 1 1 1 1 1 1 1 1 1 1 1 1 1 1 1 1 1 1 1 1 1 1 1 1 1 1 1 1 1 1 1 1 1 1 1 1 1 1 1 1 1 1 1 1 1 1 1 1 1 1 1 1 1 1 1 1 1 1 1 1 1 1 1 1 1 1 1 1 1 1 1 1 1 1 1 1 1
"FALen" 1 1 1 1 1 1 0.716531310573789 0.920044414629323 1 0.920044414629323 1 1 0.778800783071405 1 1 1 1 0.920044414629323 0.846481724890614 1 0.778800783071405 1 1 1 0.846481724890614 0.716531310573789 1 1 1 1 0.920044414629323 1 1 0.434598208507078 0.399849654344847 0.367879441171442 0.0497870683678639 1 1 1 0.472366552741015 0.367879441171442 0.716531310573789 0.338465425106743 0.659240630200444 1 0.920044414629323 1 1 1 1 1 1 0.920044414629323 1 1 1 1 0.920044414629323 1 1 1 1 1 1 1 1 1 1 1 1 1 1 1 1 1 1 0.920044414629323 1 0.920044414629323 1 1 1 1 1 1 1 1 1 1 1 1 1 1 1 1 1 0.920044414629323 1 1 1 1 0.778800783071405 1 1 1 1 1 0.920044414629323 1 1 1 1 1 1 1
"FreeC" 0.920044414629323 0.846481724890614 0.920044414629323 0.778800783071405 0.920044414629323 1 0.558035145770047 0.920044414629323 1 1 1 0.920044414629323 0.920044414629323 1 1 1 1 0.846481724890614 0.659240630200444 0.846481724890614 0.778800783071405 0.778800783071405 1 0.716531310573789 0.846481724890614 0.716531310573789 1 1 0.716531310573789 0.920044414629323 0.920044414629323 1 1 1 1 0.716531310573789 0.159879746079694 1 0.124514471444123 1 0.434598208507078 0.513417119032592 1 0.846481724890614 0.659240630200444 0.038774207831722 0.920044414629323 1 1 1 0.28650479686019 0.558035145770047 0.778800783071405 0.434598208507078 0.778800783071405 0.920044414629323 1 0.242521074635648 0.716531310573789 1 0.920044414629323 1 0.399849654344847 0.716531310573789 0.606530659712633 1 1 1 1 1 1 1 1 1 1 1 1 1 1 0.920044414629323 1 1 1 1 1 1 1 1 1 1 1 1 1 0.716531310573789 0.920044414629323 1 1 1 0.846481724890614 0.920044414629323 1 1 0.920044414629323 1 1 0.920044414629323 1 1 0.920044414629323 1 1 1 1 1 1 1
"Gln" 1 1 1 1 1 1 0.920044414629323 0.920044414629323 1 0.920044414629323 1 1 1 1 1 1 1 0.920044414629323 1 1 1 1 1 1 0.920044414629323 0.920044414629323 1 1 1 1 0.846481724890614 1 1 1 1 1 1 1 1 1 1 1 1 1 1 1 1 1 1 1 1 1 1 1 1 1 1 0.920044414629323 1 1 1 1 1 0.920044414629323 0.920044414629323 1 1 1 1 1 1 1 1 1 1 1 1 1 1 1 1 1 1 1 1 1 1 1 1 1 1 1 1 1 1 1 1 1 1 1 1 1 1 1 1 1 1 1 1 1 1 1 1 1 1 1
"LA" 1 1 1 1 1 1 0.778800783071405 0.920044414629323 1 0.846481724890614 0.716531310573789 0.920044414629323 0.399849654344847 0.846481724890614 1 0.846481724890614 0.920044414629323 0.778800783071405 0.558035145770047 1 0.920044414629323 1 1 1 0.920044414629323 1 1 1 1 1 1 1 1 0.038774207831722 0.0541137662228214 0.0541137662228214 0.0458063141726216 0.659240630200444 1 1 0.846481724890614 1 0.716531310573789 0.0458063141726216 0.920044414629323 1 1 1 1 1 1 1 1 1 1 1 1 1 1 1 1 1 1 1 1 1 1 1 1 1 1 1 1 1 1 1 1 1 1 0.920044414629323 1 1 1 1 1 1 1 1 1 1 1 1 1 1 1 1 1 1 0.920044414629323 0.920044414629323 0.778800783071405 0.558035145770047 0.399849654344847 0.846481724890614 0.513417119032592 0.311403223914597 0.716531310573789 0.920044414629323 0.920044414629323 1 1 1 1 1 1 1
"LVLDLP" 1 1 1 1 1 1 1 1 1 0.920044414629323 1 1 0.920044414629323 1 1 1 1 1 1 1 0.716531310573789 1 1 1 1 0.920044414629323 1 1 1 1 0.846481724890614 1 1 1 1 0.920044414629323 0.846481724890614 1 1 1 0.920044414629323 1 1 1 1 1 1 1 1 1 1 1 1 1 1 1 1 1 1 1 1 1 0.920044414629323 1 1 1 1 1 1 1 1 1 1 1 1 1 1 1 1 1 1 1 1 1 1 1 1 1 1 1 1 1 1 0.778800783071405 0.920044414629323 1 1 1 0.920044414629323 0.920044414629323 1 0.778800783071405 0.558035145770047 1 0.920044414629323 0.920044414629323 1 1 1 1 1 1 1 1 1 1
"OtPUFA" 1 1 1 1 1 1 0.778800783071405 0.846481724890614 1 0.920044414629323 1 1 1 1 1 1 1 0.778800783071405 0.558035145770047 1 0.846481724890614 1 1 1 1 1 1 1 1 1 1 1 1 1 1 1 1 0.013123728736941 1 1 0.920044414629323 1 1 1 1 1 1 1 1 1 1 1 1 1 1 1 1 1 1 1 1 1 1 1 1 1 1 1 1 1 1 1 1 1 1 1 1 1 1 0.920044414629323 1 0.920044414629323 0.920044414629323 1 1 1 1 1 1 1 1 0.0892185174092598 1 1 1 1 1 0.20528965757991 0.920044414629323 1 1 1 1 0.558035145770047 1 0.920044414629323 1 0.434598208507078 1 1 1 1 1 1 1 1
"PC" 1 1 1 1 1 1 1 1 1 1 1 1 1 1 1 1 1 1 1 1 1 1 1 1 1 0.846481724890614 1 1 1 1 1 1 1 1 1 1 1 1 1 1 1 1 1 1 1 1 0.920044414629323 1 1 1 1 1 1 1 1 1 1 1 1 1 1 1 1 1 1 1 1 1 1 1 1 1 1 1 1 1 1 1 1 1 1 1 1 1 1 1 1 1 1 1 1 1 1 1 1 1 1 1 1 1 1 1 1 1 1 1 1 1 1 1 1 1 1 1 1 1
"SM" 0.920044414629323 0.920044414629323 0.920044414629323 0.920044414629323 0.920044414629323 1 0.338465425106743 0.920044414629323 1 1 1 0.606530659712633 0.716531310573789 1 1 1 0.920044414629323 0.513417119032592 0.434598208507078 1 0.606530659712633 1 1 1 0.846481724890614 0.659240630200444 1 1 1 1 0.846481724890614 1 1 0.114558843992687 0.0892185174092598 0.0588164716424301 0.0012726338013398 0.920044414629323 0.0235177458560091 1 0.434598208507078 0.367879441171442 0.846481724890614 0.075521844508774 0.659240630200444 1 0.846481724890614 1 1 1 0.778800783071405 0.778800783071405 0.920044414629323 0.659240630200444 1 0.920044414629323 1 0.659240630200444 0.778800783071405 1 1 1 0.846481724890614 0.920044414629323 0.846481724890614 1 1 1 1 1 1 1 1 1 1 1 1 0.920044414629323 0.920044414629323 0.920044414629323 0.920044414629323 0.920044414629323 1 0.716531310573789 1 1 1 1 1 1 1 0.778800783071405 1 0.659240630200444 0.846481724890614 1 1 0.659240630200444 0.846481724890614 0.846481724890614 0.716531310573789 0.659240630200444 0.778800783071405 1 0.659240630200444 0.846481724890614 1 1 0.778800783071405 0.920044414629323 1 1 1 1 1 1
"TotPG" 1 1 1 1 1 1 1 1 1 1 1 1 1 1 1 1 1 1 1 1 1 1 1 1 1 1 1 1 1 1 1 1 1 1 1 1 1 1 1 1 1 1 1 1 1 1 1 1 1 1 1 1 1 1 1 1 1 1 1 1 1 1 1 1 1 1 1 1 1 1 1 1 1 1 1 1 1 1 1 1 1 1 1 1 1 1 1 1 1 1 1 1 1 1 1 1 1 1 1 1 1 1 1 1 1 1 1 1 1 1 1 1 1 1 1 1
"rs174594" 1 1 1 1 1 1 1 1 0.611606200591592 1 1 0.920044414629323 0.959189457109138 1 1 1 1 1 1 0.338465425106743 0.920044414629323 0.434598208507078 1 0.472366552741015 1 1 1 1 0.399849654344847 0.63233666218625 1 1 1 0.0120744133235328 0.00865169520312063 0.00594621735647209 0.00408677143846407 0.114558843992687 0.558035145770047 0.959189457109138 1 0.232623657917293 1 0.00408677143846407 1 0.274812380559489 1 1 0.860707976425058 1 1 1 1 1 1 1 1 1 1 1 1 1 1 1 1 1 1 1 0.983471453821617 0.778800783071405 1 0.778800783071405 0.959189457109138 0.811936346150635 1 1 1 1 1 0.882496902584595 0.882496902584595 0.811936346150635 0.811936346150635 0.778800783071405 1 1 1 1 1 0.983471453821617 0.967216100482006 1 1 1 1 1 1 1 1 1 1 1 1 1 1 1 1 1 1 1 1 1 1 1 1 0.975309912028333
"rs56155711" 1 1 1 1 1 1 1 1 1 1 1 1 0.959189457109138 1 1 1 1 1 1 0.959189457109138 1 0.920044414629323 1 0.959189457109138 1 1 1 1 0.920044414629323 0.959189457109138 1 1 1 0.472366552741015 0.472366552741015 0.49246428767541 0.49246428767541 0.811936346150635 0.920044414629323 1 1 0.558035145770047 1 0.472366552741015 1 0.920044414629323 1 1 1 1 1 1 1 1 1 1 1 1 1 1 1 1 1 1 1 1 1 1 1 1 0.959189457109138 1 1 1 1 1 1 1 1 1 1 1 1 1 1 1 1 1 1 1 1 1 1 1 1 1 1 1 1 1 1 1 1 1 1 1 1 1 1 1 1 1 1 1 1 1
"rs75679663" 1 0.959189457109138 0.959189457109138 1 1 1 0.49246428767541 0.920044414629323 0.747017500310432 1 1 0.659240630200444 0.49246428767541 1 0.959189457109138 0.687289278790972 0.716531310573789 0.53526142851899 0.32465246735835 0.416862019678508 0.747017500310432 0.399849654344847 1 0.416862019678508 0.920044414629323 0.778800783071405 1 0.959189457109138 0.63233666218625 0.811936346150635 0.920044414629323 0.798516218759377 1 0.0820849986238988 0.0892185174092598 0.0787350652668616 0.00732350187876538 0.352866081458848 0.173773943450445 0.232623657917293 0.63233666218625 0.383531572876311 0.882496902584595 0.0787350652668616 0.846481724890614 0.022557973880056 0.959189457109138 0.62188505646502 0.951229424500714 1 0.778800783071405 0.747017500310432 0.846481724890614 0.747017500310432 0.882496902584595 0.959189457109138 1 0.687289278790972 0.920044414629323 1 0.959189457109138 1 0.778800783071405 0.920044414629323 0.846481724890614 1 0.991701292638876 0.943335449873492 0.897328437094284 0.846481724890614 0.959189457109138 0.367879441171442 0.920044414629323 0.53526142851899 1 0.920044414629323 0.920044414629323 0.920044414629323 0.716531310573789 0.846481724890614 0.416862019678508 0.399849654344847 0.399849654344847 0.367879441171442 1 1 1 1 0.912409235273078 0.951229424500714 0.951229424500714 0.558035145770047 1 0.687289278790972 0.882496902584595 0.959189457109138 0.959189457109138 0.472366552741015 0.811936346150635 0.920044414629323 0.399849654344847 0.242521074635648 0.53526142851899 0.687289278790972 0.274812380559489 0.367879441171442 0.811936346150635 0.882496902584595 0.882496902584595 0.959189457109138 0.846481724890614 0.983471453821617 1 1 0.839457020769207 0.765928338364648
"LDLC" 1 0.038774207831722 0.606530659712633 1 1 1 1 1 1 1 1 1 1 1 1 1 1 1 1 1 1 1 1 1 1 1 1 1 1 1 1 1 1 1 1 1 1 1 1 1 1 1 1 1 1 1 1 1 1 1 1 7.58256042791191e-10 8.2415156348366e-10 1 4.64022249976955e-07 0.513417119032592 0.778800783071405 1 0.0199073420777336 0.513417119032592 0.659240630200444 0.434598208507078 1 0.28650479686019 0.399849654344847 1 1 1 1 1 1 1 1 1 1 1 1 1 1 1 1 1 1 1 1 1 1 1 1 1 1 1 1 1 1 1 1 1 1 1 1 1 1 1 1 1 1 1 1 1 1 1 1 1 1 1
"LLDLC" 1 0.0458063141726216 0.606530659712633 1 1 1 1 1 1 1 1 1 1 1 1 1 1 1 1 1 1 1 1 1 1 1 1 1 1 1 1 1 1 1 1 1 1 1 1 1 1 1 1 1 1 1 1 1 1 1 1 1 2.43496529438362e-09 1 7.03873864442848e-07 0.513417119032592 0.778800783071405 1 0.075521844508774 0.920044414629323 1 0.659240630200444 1 0.846481724890614 1 1 1 1 1 1 1 1 1 1 1 1 1 1 1 1 1 1 1 1 1 1 1 1 1 1 1 1 1 1 1 1 1 1 1 1 1 1 1 1 1 1 1 1 1 1 1 1 1 1 1 1
"LLDLCE" 1 0.0497870683678639 0.659240630200444 1 1 1 1 1 1 1 1 1 1 1 1 1 1 1 1 1 1 1 1 1 1 1 1 1 1 1 1 1 1 1 1 1 1 1 1 1 1 1 1 1 1 1 1 1 1 1 1 1 1 1 6.47595217584222e-07 0.558035145770047 0.778800783071405 1 0.0541137662228214 0.659240630200444 1 0.513417119032592 1 0.920044414629323 1 1 1 1 1 1 1 1 1 1 1 1 1 1 1 1 1 1 1 1 1 1 1 1 1 1 1 1 1 1 1 1 1 1 1 1 1 1 1 1 1 1 1 1 1 1 1 1 1 1 1 1
"LLDLFC" 1 0.0588164716424301 0.558035145770047 1 1 1 1 1 1 1 1 1 1 1 1 1 1 1 1 1 1 1 1 1 1 1 1 1 1 1 1 1 1 1 1 1 1 1 1 1 1 1 1 1 1 1 1 1 1 1 2.06115362243856e-09 2.64657363890912e-09 6.61892191265142e-09 1 9.03791932086838e-07 0.513417119032592 0.778800783071405 1 0.114558843992687 0.920044414629323 1 0.846481724890614 1 1 1 1 1 1 1 1 1 1 1 1 1 1 1 1 1 1 1 1 1 1 1 1 1 1 1 1 1 1 1 1 1 1 1 1 1 1 1 1 1 1 1 1 1 1 1 1 1 1 1 1 1 1
"LLDLL" 1 1 1 1 1 1 1 1 1 1 1 1 1 1 1 1 1 1 1 1 1 1 1 1 1 1 1 1 1 1 1 1 1 1 1 1 1 1 1 1 1 1 1 1 1 1 1 1 1 1 1 1 1 1 1 0.513417119032592 1 1 1 1 1 0.920044414629323 1 1 1 1 1 1 1 1 1 1 1 1 1 1 1 1 1 1 1 1 1 1 1 1 1 1 1 1 1 1 1 1 1 1 1 1 1 1 1 1 1 1 1 1 1 1 1 1 1 1 1 1 1 1
"LLDLP" 1 1 1 1 1 1 1 1 1 1 1 1 1 1 1 1 1 1 1 1 1 1 1 1 1 1 1 1 1 1 1 1 1 1 1 1 1 1 1 1 1 1 1 1 1 1 1 1 1 1 1 1 1 1 1 1 1 1 1 1 1 1 1 1 1 1 1 1 1 1 1 1 1 1 1 1 1 1 1 1 1 1 1 1 1 1 1 1 1 1 1 1 1 1 1 1 1 1 1 1 1 1 1 1 1 1 1 1 1 1 1 1 1 1 1 1
"LLDLPL" 1 1 1 1 1 1 1 1 1 1 1 1 1 1 1 1 1 1 1 1 1 1 1 1 1 1 1 1 1 1 1 1 1 1 1 1 1 1 1 1 1 1 1 1 1 1 1 1 1 1 1 1 1 1 1 1 1 1 1 1 1 1 1 1 1 1 1 1 1 1 1 1 1 1 1 1 1 1 1 1 1 1 1 1 1 1 1 1 1 1 1 1 1 1 1 1 1 1 1 1 1 1 1 1 1 1 1 1 1 1 1 1 1 1 1 1
"MLDLC" 1 0.28650479686019 0.846481724890614 1 1 1 1 1 1 1 1 1 1 1 1 1 1 1 1 1 1 1 1 1 1 1 1 1 1 1 1 1 1 1 1 1 1 1 1 1 1 1 1 1 1 1 1 1 1 1 6.97629237028991e-10 9.23744966197059e-09 9.23744966197059e-09 2.51099915574398e-08 4.40252052997407e-06 0.920044414629323 0.778800783071405 1 0.0168512012599476 0.513417119032592 0.513417119032592 0.434598208507078 0.00150343919297757 0.20528965757991 0.22313016014843 1 1 1 1 1 1 1 1 1 1 1 1 1 1 1 1 1 1 1 1 1 1 1 1 1 1 1 1 1 1 1 1 1 1 1 1 1 1 1 1 1 1 1 1 1 1 1 1 1 1 1
"MLDLCE" 1 1 1 1 1 1 1 1 1 1 1 1 1 1 1 1 1 1 1 1 1 1 1 1 1 1 1 1 1 1 1 1 1 1 1 1 1 1 1 1 1 1 1 1 1 1 1 1 1 1 1 1 1 1 0.778800783071405 1 1 1 1 0.558035145770047 0.920044414629323 0.778800783071405 1 0.659240630200444 0.778800783071405 1 1 1 1 1 1 1 1 1 1 1 1 1 1 1 1 1 1 1 1 1 1 1 1 1 1 1 1 1 1 1 1 1 1 1 1 1 1 1 1 1 1 1 1 1 1 1 1 1 1 1
"MLDLL" 1 1 1 1 1 1 1 1 1 1 1 1 1 1 1 1 1 1 1 1 1 1 1 1 1 1 1 1 1 1 1 1 1 1 1 1 1 1 1 1 1 1 1 1 1 1 1 1 1 1 1 1 1 1 1 1 1 1 1 1 1 1 1 1 1 1 1 1 1 1 1 1 1 1 1 1 1 1 1 1 1 1 1 1 1 1 1 1 1 1 1 1 1 1 1 1 1 1 1 1 1 1 1 1 1 1 1 1 1 1 1 1 1 1 1 1
"MLDLP" 1 1 1 1 1 1 1 1 1 1 1 1 1 1 1 1 1 1 1 1 1 1 1 1 1 1 1 1 1 1 1 1 1 1 1 1 1 1 1 1 1 1 1 1 1 1 1 1 1 1 1 1 1 1 1 1 1 1 1 0.846481724890614 1 1 1 0.659240630200444 1 1 1 1 1 1 1 1 1 1 1 1 1 1 1 1 1 1 1 1 1 1 1 1 1 1 1 1 1 1 1 1 1 1 1 1 1 1 1 1 1 1 1 1 1 1 1 1 1 1 1 1
"MLDLPL" 1 1 1 1 1 1 1 1 1 1 1 1 1 1 1 1 1 1 1 1 1 1 1 1 1 1 1 1 1 1 1 1 1 1 1 1 1 1 1 1 1 1 1 1 1 1 1 1 1 1 1 1 1 1 1 1 1 1 1 1 1 1 1 1 1 1 1 1 1 1 1 1 1 1 1 1 1 1 1 1 1 1 1 1 1 1 1 1 1 1 1 1 1 1 1 1 1 1 1 1 1 1 1 1 1 1 1 1 1 1 1 1 1 1 1 1
"SLDLC" 1 0.716531310573789 1 1 1 1 1 1 1 1 1 1 1 1 1 1 1 1 1 1 1 1 1 1 1 1 1 1 1 1 1 1 1 1 1 1 1 1 1 1 1 1 1 1 1 1 1 1 1 1 0.00247875217666636 0.0301973834223185 0.0199073420777336 0.0694834512228013 0.659240630200444 1 1 1 0.0892185174092598 0.558035145770047 0.513417119032592 0.513417119032592 1 0.22313016014843 0.242521074635648 1 1 1 1 1 1 1 1 1 1 1 1 1 1 1 1 1 1 1 1 1 1 1 1 1 1 1 1 1 1 1 1 1 1 1 1 1 1 1 1 1 1 1 1 1 1 1 1 1 1 1
"SLDLL" 1 1 1 1 1 1 1 1 1 1 1 1 1 1 1 1 1 1 1 1 1 1 1 1 1 1 1 1 1 1 1 1 1 1 1 1 1 1 1 1 1 1 1 1 1 1 1 1 1 1 1 1 1 1 1 1 1 1 1 0.920044414629323 1 0.920044414629323 1 1 1 1 1 1 1 1 1 1 1 1 1 1 1 1 1 1 1 1 1 1 1 1 1 1 1 1 1 1 1 1 1 1 1 1 1 1 1 1 1 1 1 1 1 1 1 1 1 1 1 1 1 1
"SLDLP" 1 1 1 1 1 1 1 1 1 1 1 1 1 1 1 1 1 1 1 1 1 1 1 1 1 1 1 1 1 1 1 1 1 1 1 1 1 1 1 1 1 1 1 1 1 1 1 1 1 1 1 1 1 1 1 1 1 1 1 1 0.606530659712633 0.920044414629323 1 0.311403223914597 1 1 1 1 1 1 1 1 1 1 1 1 1 1 1 1 1 1 1 1 1 1 1 1 1 1 1 1 1 1 1 1 1 1 1 1 1 1 1 1 1 1 1 1 1 1 1 1 1 1 1 1
"rs11591147" 1 0.32465246735835 0.778800783071405 0.959189457109138 1 1 0.338465425106743 0.811936346150635 0.32465246735835 0.882496902584595 0.959189457109138 0.274812380559489 0.0694834512228013 0.920044414629323 0.747017500310432 0.352866081458848 0.49246428767541 0.263597138115728 0.075521844508774 0.263597138115728 0.687289278790972 0.173773943450445 0.959189457109138 0.252839595804746 0.959189457109138 0.846481724890614 1 0.959189457109138 0.242521074635648 0.472366552741015 1 0.567413668797004 1 0.581777814209808 0.63233666218625 0.558035145770047 0.196911675204194 0.882496902584595 0.687289278790972 0.53526142851899 0.846481724890614 0.453089017280169 0.959189457109138 0.338465425106743 0.920044414629323 0.352866081458848 1 0.912409235273078 1 0.722527353642072 0.000308640517118582 0.000488095243523415 0.000468175811652775 0.000740390111232995 0.0106556323585439 1 0.882496902584595 0.000576616398406582 0.214024097177447 0.778800783071405 0.959189457109138 0.747017500310432 0.124514471444123 0.959189457109138 0.959189457109138 1 0.983471453821617 0.897328437094284 0.31928643405969 0.383531572876311 1 1 1 1 1 1 1 1 1 1 1 1 1 0.606530659712633 1 1 1 1 0.959189457109138 0.991701292638876 1 0.214024097177447 1 0.659240630200444 0.882496902584595 1 1 0.22313016014843 0.659240630200444 0.882496902584595 0.311403223914597 0.147096467392976 0.581777814209808 0.49246428767541 0.196911675204194 0.159879746079694 0.581777814209808 0.49246428767541 0.882496902584595 1 0.772337743280081 0.991701292638876 0.576949810380487 1 0.80519832401807 0.659240630200444
"rs12740374" 1 1 1 1 1 1 1 0.959189457109138 1 1 1 1 1 1 1 1 1 1 1 1 1 1 1 1 1 1 1 1 1 1 1 1 1 1 1 1 1 1 0.959189457109138 0.959189457109138 0.959189457109138 1 1 0.959189457109138 1 0.959189457109138 1 1 1 1 0.920044414629323 0.920044414629323 0.959189457109138 0.920044414629323 0.959189457109138 1 1 0.920044414629323 0.959189457109138 1 1 0.959189457109138 1 1 1 1 1 1 1 1 1 1 1 1 1 1 1 1 1 1 1 1 1 1 1 1 1 1 1 1 1 1 1 1 1 1 1 1 1 1 1 1 1 1 1 1 1 1 1 1 1 1 1 1 1 1
"rs17248727" 1 0.846481724890614 0.959189457109138 0.920044414629323 1 1 0.920044414629323 0.959189457109138 0.897328437094284 1 1 1 0.882496902584595 1 1 1 1 0.959189457109138 0.959189457109138 0.959189457109138 0.959189457109138 0.959189457109138 1 0.959189457109138 1 0.959189457109138 1 1 0.846481724890614 0.920044414629323 1 1 1 1 1 1 1 1 0.920044414629323 0.747017500310432 0.920044414629323 1 1 0.882496902584595 1 0.846481724890614 1 1 1 1 0.242521074635648 0.383531572876311 0.367879441171442 0.434598208507078 0.558035145770047 0.959189457109138 1 0.22313016014843 0.606530659712633 0.811936346150635 0.920044414629323 0.882496902584595 0.434598208507078 0.716531310573789 0.778800783071405 1 0.991701292638876 1 0.882496902584595 0.889881770988024 1 1 1 1 1 1 1 1 1 1 1 1 1 1 1 1 1 1 0.991701292638876 1 1 0.959189457109138 1 1 1 1 1 1 1 1 1 0.959189457109138 0.959189457109138 1 0.959189457109138 0.959189457109138 0.959189457109138 1 1 1 1 1 1 1 1 0.991701292638876
"rs3005923" 0.882496902584595 0.252839595804746 0.846481724890614 0.811936346150635 0.920044414629323 0.959189457109138 0.581777814209808 0.811936346150635 1 1 1 0.716531310573789 0.659240630200444 0.920044414629323 1 0.882496902584595 0.882496902584595 0.659240630200444 0.513417119032592 0.778800783071405 0.959189457109138 0.778800783071405 1 0.606530659712633 1 0.959189457109138 1 1 0.716531310573789 0.959189457109138 0.959189457109138 1 1 0.882496902584595 0.920044414629323 0.846481724890614 0.747017500310432 0.959189457109138 0.811936346150635 0.49246428767541 0.959189457109138 0.920044414629323 1 0.846481724890614 0.959189457109138 0.659240630200444 1 1 1 1 0.000250596453743302 0.000681191786486697 0.000740390111232995 0.00112309538780684 0.00732350187876538 0.811936346150635 0.882496902584595 0.000601149641640577 0.214024097177447 0.882496902584595 0.846481724890614 0.687289278790972 0.101097824987218 0.558035145770047 0.63233666218625 1 0.991701292638876 1 1 1 1 1 1 1 1 1 1 0.959189457109138 0.959189457109138 1 1 1 1 0.882496902584595 1 1 1 1 1 1 1 0.920044414629323 1 0.959189457109138 1 1 1 1 1 0.959189457109138 0.882496902584595 0.882496902584595 0.882496902584595 0.920044414629323 0.882496902584595 0.846481724890614 1 1 0.959189457109138 1 1 1 1 0.991701292638876 0.959189457109138 1
"rs7412" 1 0.434598208507078 1 1 1 1 0.882496902584595 0.959189457109138 1 1 1 0.920044414629323 1 1 1 1 1 0.959189457109138 0.959189457109138 0.63233666218625 0.959189457109138 0.659240630200444 1 0.558035145770047 1 0.920044414629323 1 1 0.659240630200444 0.778800783071405 0.959189457109138 1 1 0.32465246735835 0.32465246735835 0.298694689288679 0.188875602837561 0.558035145770047 0.716531310573789 0.811936346150635 0.882496902584595 0.659240630200444 1 0.298694689288679 0.882496902584595 0.581777814209808 1 1 0.983471453821617 1 0.000838971909209644 0.000874667567487848 0.000911881965554515 0.00095067972108743 0.0012726338013398 0.716531310573789 1 0.00228056209539217 0.778800783071405 0.959189457109138 1 0.920044414629323 0.882496902584595 1 1 1 0.991701292638876 1 0.383531572876311 1 1 0.959189457109138 0.959189457109138 0.959189457109138 1 1 1 1 1 1 1 0.959189457109138 0.959189457109138 0.778800783071405 1 1 1 1 1 1 0.991701292638876 1 1 1 1 1 1 1 1 1 1 1 1 1 1 1 1 1 1 1 1 1 1 1 0.991701292638876 0.983471453821617
"ApoA1" 1 1 1 1 1 1 1 1 1 1 1 1 1 1 1 1 1 1 1 0.846481724890614 1 0.778800783071405 0.920044414629323 0.846481724890614 1 1 1 1 0.778800783071405 0.920044414629323 1 1 1 1 1 1 1 1 0.920044414629323 0.920044414629323 1 1 1 1 1 0.846481724890614 1 1 1 1 1 1 1 0.920044414629323 1 1 1 1 1 1 1 1 1 1 1 1 1 1 1 1 1 0.846481724890614 0.778800783071405 0.716531310573789 1 0.846481724890614 1 0.846481724890614 0.846481724890614 1 0.920044414629323 1 1 0.846481724890614 1 1 1 1 1 1 1 1 1 1 1 1 1 1 1 1 1 1 1 1 1 1 1 1 1 1 1 1 1 1 1 1
"HDLD" 1 1 1 1 1 1 1 1 1 1 1 0.920044414629323 1 1 1 1 1 1 1 1 0.920044414629323 1 1 0.920044414629323 1 1 1 1 0.558035145770047 0.846481724890614 1 1 1 1 1 1 1 1 1 1 1 1 1 0.920044414629323 1 0.920044414629323 1 1 1 1 1 1 1 1 1 1 1 1 1 1 1 1 1 1 1 1 1 1 1 1 1 1 0.0235177458560091 1.2891899524353e-08 0.434598208507078 0.0892185174092598 0.188875602837561 0.846481724890614 0.0588164716424301 0.0588164716424301 2.24027621891374e-09 4.99873191502943e-10 4.10320902366429e-11 6.22414462290778e-11 1 1 1 1 1 1 1 1 1 1 1 1 1 1 1 1 1 1 1 1 1 1 1 1 1 1 1 1 1 1 1 1
"LHDLC" 1 1 1 1 1 1 1 1 1 1 1 1 1 1 1 1 1 1 1 1 1 1 1 1 1 1 1 1 1 1 1 1 1 1 1 1 1 1 1 1 1 1 1 1 1 1 1 1 1 1 1 1 1 1 1 1 1 1 1 1 1 1 1 1 1 1 1 1 1 1 1 1 1 0.0328216583266631 0.659240630200444 0.311403223914597 0.716531310573789 0.920044414629323 0.716531310573789 0.846481724890614 0.338465425106743 0.242521074635648 0.0328216583266631 0.038774207831722 1 1 1 1 1 1 1 1 1 1 1 1 1 1 1 1 1 1 1 1 1 1 1 1 1 1 1 1 1 1 1 1
"LHDLCE" 1 1 1 1 1 1 1 1 1 1 1 0.920044414629323 1 1 1 1 1 1 1 1 1 1 1 1 1 1 1 1 0.920044414629323 1 1 1 1 1 1 1 1 1 0.920044414629323 1 1 1 1 0.920044414629323 1 0.846481724890614 1 1 1 1 1 1 1 1 1 1 1 1 1 1 1 1 1 1 1 1 1 1 1 1 1 1 1 1 0.659240630200444 0.173773943450445 0.434598208507078 0.846481724890614 0.472366552741015 0.846481724890614 4.64022249976955e-07 1.70704246012638e-07 2.12551489655297e-08 3.50438162113687e-08 1 1 1 1 1 1 1 1 1 1 1 1 1 1 1 1 1 1 1 1 1 1 1 1 1 1 1 1 1 1 1 1
"LHDLFC" 1 1 1 1 1 1 1 1 1 1 1 1 1 1 1 1 1 1 1 1 1 1 1 1 1 1 1 1 1 1 1 1 1 1 1 1 1 1 1 1 1 1 1 1 1 1 1 1 1 1 1 1 1 1 1 1 1 1 1 1 1 1 1 1 1 1 1 1 1 1 1 1 1 1 1 1 1 1 1 1 1 1 1 1 1 1 1 1 1 1 1 1 1 1 1 1 1 1 1 1 1 1 1 1 1 1 1 1 1 1 1 1 1 1 1 1
"LHDLL" 1 1 1 1 1 1 1 1 1 1 1 1 1 1 1 1 1 1 1 1 1 1 1 1 1 1 1 1 1 1 1 1 1 1 1 1 1 1 1 1 1 1 1 1 1 1 1 1 1 1 1 1 1 1 1 1 1 1 1 1 1 1 1 1 1 1 1 1 1 1 1 1 1 1 0.778800783071405 1 0.338465425106743 1 1 1 1 1 1 1 1 1 1 1 1 1 1 1 1 1 1 1 1 1 1 1 1 1 1 1 1 1 1 1 1 1 1 1 1 1 1 1
"LHDLP" 1 1 1 1 1 1 1 1 1 1 1 1 1 1 1 1 1 1 1 1 1 1 1 1 1 1 1 1 1 1 1 1 1 1 1 1 1 1 1 1 1 1 1 1 1 1 1 1 1 1 1 1 1 1 1 1 1 1 1 1 1 1 1 1 1 1 1 1 1 1 1 1 1 1 0.920044414629323 1 1 1 1 1 1 1 1 1 1 1 1 1 1 1 1 1 1 1 1 1 1 1 1 1 1 1 1 1 1 1 1 1 1 1 1 1 1 1 1 1
"XLHDLC" 1 1 1 1 1 1 1 1 1 1 1 1 1 1 1 1 1 1 1 1 1 1 1 1 1 1 1 1 1 1 1 1 1 1 1 1 1 1 1 1 1 1 1 1 1 1 1 1 1 1 1 1 1 1 1 1 1 1 1 1 1 1 1 1 1 1 1 1 1 1 1 1 1 1 1 1 1 1 1 1 0.778800783071405 0.778800783071405 0.846481724890614 1 1 1 1 1 1 1 1 1 1 1 1 1 1 1 1 1 1 1 1 1 1 1 1 1 1 1 1 1 1 1 1 1
"XLHDLCE" 1 1 1 1 1 1 1 1 1 1 1 0.920044414629323 1 1 1 1 1 1 1 1 1 1 1 1 1 1 1 1 1 1 1 1 1 1 1 1 1 1 0.920044414629323 1 1 1 1 1 1 1 1 1 1 1 1 1 1 1 1 1 1 1 1 1 1 1 1 1 1 1 1 1 1 1 1 1 1 1 1 1 1 0.606530659712633 1 1 0.0588164716424301 0.0694834512228013 0.0639278612067076 0.0969719678644054 1 1 1 1 1 1 1 1 1 1 1 1 1 1 1 1 0.920044414629323 0.920044414629323 1 1 0.920044414629323 1 1 1 1 1 1 1 1 1 1 1
"XLHDLFC" 1 1 1 1 1 1 1 1 1 1 1 1 1 1 1 1 1 1 1 1 1 1 1 1 1 1 1 1 1 1 1 1 1 1 1 1 1 1 1 1 1 1 1 1 1 1 1 1 1 1 1 1 1 1 1 1 1 1 1 1 1 1 1 1 1 1 1 1 1 1 1 1 1 1 0.920044414629323 1 1 1 1 1 1 1 1 1 1 1 1 1 1 1 1 1 1 1 1 1 1 1 1 1 1 1 1 1 1 1 1 1 1 1 1 1 1 1 1 1
"XLHDLL" 1 1 1 1 1 1 1 1 1 1 1 1 1 1 1 1 1 1 1 1 1 1 1 1 1 1 1 1 1 1 1 1 1 1 1 1 1 1 1 1 1 1 1 1 1 1 1 1 1 1 1 1 1 1 1 1 1 1 1 1 1 1 1 1 1 1 1 1 1 1 1 1 1 1 0.846481724890614 0.659240630200444 0.606530659712633 1 1 0.0969719678644054 1 5.1548215686614e-09 2.43496529438362e-09 1 1 1 1 1 1 1 1 1 1 1 1 1 1 1 1 1 1 1 1 1 1 1 1 1 1 1 1 1 1 1 1 1
"XLHDLP" 1 1 1 1 1 1 1 1 1 1 1 1 1 1 1 1 1 1 1 1 1 1 1 1 1 1 1 1 1 1 1 1 1 1 1 1 1 1 1 1 1 1 1 1 1 1 1 1 1 1 1 1 1 1 1 1 1 1 1 1 1 1 1 1 1 1 1 1 1 1 1 1 1 1 0.778800783071405 0.558035145770047 0.472366552741015 1 1 0.0694834512228013 1 1 5.90530399894404e-10 1 1 1 1 1 1 1 1 1 1 1 1 1 1 1 1 1 1 1 1 1 1 1 1 1 1 1 1 1 1 1 1 1
"XLHDLPL" 1 1 1 1 1 1 1 1 1 1 1 1 1 1 1 1 1 1 1 1 1 1 1 1 1 1 1 1 1 1 1 1 1 1 1 1 1 1 1 1 1 1 1 1 1 1 1 1 1 1 1 1 1 1 1 1 1 1 1 1 1 1 1 1 1 1 1 1 1 1 1 1 1 1 0.434598208507078 0.124514471444123 0.22313016014843 1 1 0.0588164716424301 1 1 1 1 1 1 1 1 1 1 1 1 1 1 1 1 1 1 1 1 1 1 1 1 1 1 1 1 1 1 1 1 1 1 1 1
"XLHDLTG" 1 1 1 1 1 1 0.606530659712633 0.846481724890614 1 0.920044414629323 0.920044414629323 0.606530659712633 0.846481724890614 1 1 1 1 0.716531310573789 0.846481724890614 1 0.778800783071405 1 1 1 0.778800783071405 0.846481724890614 1 1 1 1 1 1 1 1 1 0.920044414629323 0.606530659712633 1 1 1 0.846481724890614 0.846481724890614 1 0.920044414629323 0.920044414629323 1 1 1 1 1 1 1 1 1 1 1 1 1 1 1 1 1 1 1 1 1 1 1 1 1 1 1 1 1 0.513417119032592 0.114558843992687 0.20528965757991 0.920044414629323 1 0.0588164716424301 5.60279643753727e-09 1.05823155471596e-09 1.11536785273958e-10 1 1 1 1 1 1 1 1 1 1 1 1 1 1 1 1 0.920044414629323 1 1 1 1 1 1 1 0.920044414629323 1 1 1 1 1 1 1 1
"rs10468017" 1 1 1 1 1 1 0.959189457109138 0.959189457109138 0.991701292638876 1 1 0.959189457109138 1 1 1 1 1 0.959189457109138 1 0.920044414629323 1 0.959189457109138 1 0.920044414629323 1 1 1 1 0.846481724890614 1 1 0.975309912028333 1 1 1 0.920044414629323 0.920044414629323 1 0.920044414629323 0.959189457109138 1 0.920044414629323 1 0.920044414629323 1 0.882496902584595 1 0.991701292638876 1 0.920044414629323 1 1 1 1 1 1 1 1 1 1 1 1 1 1 1 0.983471453821617 1 1 1 1 0.920044414629323 0.000335462627902512 0.28650479686019 0.00193045413622771 0.747017500310432 0.352866081458848 0.453089017280169 0.882496902584595 0.434598208507078 0.49246428767541 0.0020982184180809 0.00095067972108743 0.000380128957869464 0.000430742540575688 1 0.347033718136673 1 0.358796465405952 0.728573572511393 0.897328437094284 0.53526142851899 1 1 1 1 1 1 1 1 1 1 1 1 1 1 1 1 1 1 1 1 1 0.991701292638876 1 1 1
"rs111543310" 1 1 1 1 0.959189457109138 1 0.778800783071405 0.882496902584595 0.653769785129847 0.959189457109138 1 0.811936346150635 0.920044414629323 1 1 1 1 0.811936346150635 1 0.0787350652668616 0.716531310573789 0.0855774612778707 1 0.0458063141726216 0.846481724890614 0.846481724890614 0.920044414629323 1 0.0477552310788268 0.0787350652668616 1 0.63233666218625 1 0.778800783071405 0.778800783071405 0.472366552741015 0.196911675204194 0.920044414629323 0.687289278790972 0.778800783071405 0.659240630200444 0.846481724890614 0.959189457109138 0.659240630200444 0.882496902584595 0.558035145770047 0.920044414629323 0.90483741803596 1 0.832490612611603 0.959189457109138 0.959189457109138 0.959189457109138 0.959189457109138 0.959189457109138 1 1 0.959189457109138 1 1 1 1 1 1 1 0.951229424500714 1 0.991701292638876 1 0.943335449873492 1 0.000272374300369256 0.399849654344847 0.00237759295464469 0.747017500310432 0.811936346150635 0.959189457109138 0.882496902584595 0.32465246735835 0.399849654344847 0.000553084370147834 0.000468175811652775 0.000272374300369256 8.48182352464692e-05 1 1 0.991701292638876 0.349937749111155 0.653769785129847 0.818730753077982 0.526414335280207 1 1 1 1 1 1 1 1 1 1 1 0.959189457109138 1 1 1 1 1 0.959189457109138 1 0.983471453821617 1 0.935506985031618 1 0.983471453821617 0.983471453821617
"rs113083442" 1 1 1 1 1 1 1 1 1 1 1 1 1 1 1 1 1 1 1 0.959189457109138 0.959189457109138 1 1 0.959189457109138 1 1 1 1 0.959189457109138 1 1 1 1 1 1 1 1 1 1 1 1 1 1 1 1 1 1 1 1 1 1 1 1 1 1 1 1 1 1 1 1 1 1 1 1 1 1 1 1 1 1 0.882496902584595 1 0.959189457109138 1 1 1 1 1 0.959189457109138 0.920044414629323 0.920044414629323 0.920044414629323 0.882496902584595 1 1 1 1 1 1 0.975309912028333 1 1 1 1 1 1 1 1 1 1 1 1 1 1 1 1 1 1 1 1 1 1 1 1 1
"rs11639208" 1 1 1 1 1 1 0.920044414629323 1 0.967216100482006 1 1 0.959189457109138 1 1 1 1 1 1 1 0.846481724890614 1 0.811936346150635 1 0.778800783071405 0.920044414629323 0.959189457109138 1 1 0.687289278790972 0.846481724890614 1 0.951229424500714 1 1 1 0.959189457109138 0.882496902584595 1 1 1 1 1 1 1 1 0.882496902584595 1 0.983471453821617 1 0.882496902584595 1 1 1 1 1 1 1 1 1 1 1 1 1 1 1 1 1 1 1 1 0.959189457109138 0.000396302268599907 0.53526142851899 0.00463091873353325 0.778800783071405 0.453089017280169 0.558035145770047 0.920044414629323 0.383531572876311 0.32465246735835 0.000991128201046578 0.000740390111232995 0.000396302268599907 0.000468175811652775 1 1 1 1 0.759572123224968 0.860707976425058 0.586646219510032 1 1 1 1 1 1 1 1 1 1 1 1 1 1 1 1 1 1 1 0.991701292638876 1 1 1 1 1
"rs173539" 1 1 1 1 1 1 0.778800783071405 1 0.818730753077982 1 1 0.882496902584595 0.959189457109138 1 1 1 1 0.920044414629323 0.959189457109138 0.252839595804746 0.920044414629323 0.352866081458848 0.920044414629323 0.20528965757991 0.778800783071405 0.882496902584595 0.920044414629323 1 0.22313016014843 0.263597138115728 1 1 1 0.811936346150635 0.778800783071405 0.53526142851899 0.53526142851899 0.882496902584595 0.882496902584595 0.882496902584595 0.882496902584595 0.959189457109138 1 0.687289278790972 1 0.882496902584595 1 0.927743486328553 0.991701292638876 1 1 1 1 1 1 1 1 1 1 1 1 1 1 1 1 1 1 1 1 0.983471453821617 0.882496902584595 0.0439369336234074 0.28650479686019 0.0639278612067076 0.846481724890614 0.49246428767541 0.747017500310432 0.959189457109138 0.716531310573789 0.778800783071405 0.135335283236613 0.114558843992687 0.0497870683678639 0.0277829339541243 1 1 1 1 1 0.90483741803596 0.772337743280081 0.959189457109138 1 1 1 1 1 1 0.959189457109138 0.959189457109138 0.920044414629323 0.920044414629323 0.959189457109138 1 0.959189457109138 0.959189457109138 1 0.959189457109138 1 1 1 1 1 1 1 0.991701292638876
"rs6073958" 1 1 1 1 1 1 1 1 1 1 1 1 0.959189457109138 1 1 1 1 1 1 0.811936346150635 1 0.811936346150635 1 0.882496902584595 1 1 1 1 0.747017500310432 0.747017500310432 1 1 1 1 1 1 0.920044414629323 1 0.959189457109138 0.959189457109138 0.959189457109138 0.920044414629323 1 1 1 0.959189457109138 1 1 1 1 1 1 1 1 1 1 1 1 1 1 1 1 1 1 1 1 1 1 1 0.991701292638876 0.920044414629323 0.141093380701342 0.63233666218625 0.22313016014843 0.882496902584595 0.920044414629323 0.920044414629323 1 0.846481724890614 0.716531310573789 0.232623657917293 0.196911675204194 0.153354966844928 0.135335283236613 1 1 0.991701292638876 1 1 1 0.853565212805321 1 1 1 1 1 1 1 1 1 1 1 1 1 1 1 1 1 1 1 1 1 1 1 1 1
"rs633695" 1 1 1 1 1 1 1 1 1 1 1 0.959189457109138 1 1 1 1 1 1 1 0.920044414629323 0.959189457109138 1 1 0.959189457109138 1 1 1 1 0.811936346150635 0.920044414629323 1 1 1 0.920044414629323 0.920044414629323 0.920044414629323 0.920044414629323 1 1 1 1 0.959189457109138 1 0.920044414629323 1 0.959189457109138 1 1 1 1 1 1 1 1 1 1 1 1 1 1 1 1 1 1 1 1 1 1 1 1 0.959189457109138 0.00305288978430149 0.383531572876311 0.012588142242434 0.882496902584595 0.49246428767541 0.53526142851899 1 0.687289278790972 0.53526142851899 0.0111089965382423 0.00763509421885996 0.00376001123582552 0.00345937733646475 1 1 1 1 1 1 1 1 1 1 1 1 1 1 1 1 1 1 1 1 1 1 1 1 1 1 1 1 1 1 1 1
"FAw79S" 1 1 1 1 1 1 1 1 1 1 1 1 1 1 1 0.716531310573789 0.920044414629323 0.846481724890614 1 1 1 1 1 1 1 1 1 1 1 1 1 1 1 1 1 1 1 1 1 1 1 1 1 1 1 1 1 1 1 1 1 1 1 1 1 1 1 1 1 1 1 1 1 1 1 1 1 1 1 1 1 1 1 1 1 1 1 1 1 1 1 1 1 1 1 1 1 1 1 1 1 1 1 1 1 1 1 1 0.558035145770047 1 1 1 1 0.0588164716424301 1 1 1 0.124514471444123 1 1 1 1 1 1 1 1
"LVLDLC" 1 1 1 1 1 1 1 1 1 1 1 1 1 1 1 1 1 1 1 1 1 1 1 1 1 1 1 1 1 1 1 1 1 1 1 1 1 1 1 1 1 1 1 1 1 1 1 1 1 1 1 1 1 1 1 1 1 1 1 1 1 1 1 1 1 1 1 1 1 1 1 1 1 1 1 1 1 1 1 1 1 1 1 1 1 1 1 1 1 1 1 1 1 1 1 1 1 1 1 1 1 1 1 1 1 1 1 1 1 1 1 1 1 1 1 1
"LVLDLCE" 1 1 1 1 1 1 1 1 1 1 1 1 1 1 1 0.716531310573789 0.716531310573789 0.846481724890614 1 1 1 1 1 1 1 1 1 1 1 1 1 1 1 1 1 1 1 1 1 1 1 1 1 1 1 1 1 1 1 1 1 1 1 1 1 1 1 1 1 1 1 1 1 1 1 1 1 1 1 1 1 1 1 1 1 1 1 1 1 1 1 1 1 1 1 1 1 1 1 1 1 1 0.778800783071405 1 0.659240630200444 1 1 1 0.242521074635648 0.399849654344847 1 1 1 0.399849654344847 1 1 1 1 0.778800783071405 1 1 1 1 1 1 1
"LVLDLFC" 1 1 1 1 1 1 1 1 1 1 1 1 1 1 1 1 1 1 1 1 1 1 1 1 1 1 1 1 1 1 1 1 1 1 1 1 1 1 1 1 1 1 1 1 1 1 1 1 1 1 1 1 1 1 1 1 1 1 1 1 1 1 1 1 1 1 1 1 1 1 1 1 1 1 1 1 1 1 1 1 1 1 1 1 1 1 1 1 1 1 1 1 1 1 1 1 1 1 1 0.920044414629323 1 1 1 1 1 1 1 1 0.920044414629323 1 1 1 1 1 1 1
"LVLDLPL" 1 1 1 1 1 1 1 1 1 1 1 1 1 1 1 1 1 1 1 1 1 1 1 1 1 1 1 1 1 1 1 1 1 1 1 1 1 1 1 1 1 1 1 1 1 1 1 1 1 1 1 1 1 1 1 1 1 1 1 1 1 1 1 1 1 1 1 1 1 1 1 1 1 1 1 1 1 1 1 1 1 1 1 1 1 1 1 1 1 1 1 1 1 1 1 1 1 1 1 1 1 1 1 1 1 1 1 1 1 1 1 1 1 1 1 1
"LVLDLTG" 1 1 1 1 1 1 1 1 1 1 1 1 1 1 1 1 1 1 1 1 1 1 1 1 1 1 1 1 1 1 1 1 1 1 1 1 1 1 1 1 1 1 1 1 1 1 1 1 1 1 1 1 1 1 1 1 1 1 1 1 1 1 1 1 1 1 1 1 1 1 1 1 1 1 1 1 1 1 1 1 1 1 1 1 1 1 1 1 1 1 1 1 1 1 1 1 1 1 1 1 1 1 1 0.920044414629323 1 1 1 1 1 1 1 1 1 1 1 1
"MUFA" 1 1 1 1 1 1 1 1 1 1 1 1 1 1 1 0.659240630200444 0.920044414629323 0.920044414629323 1 1 1 1 1 1 1 1 1 1 1 1 1 1 1 1 1 1 1 1 1 1 1 1 1 1 1 1 1 1 1 1 1 1 1 1 1 1 1 1 1 1 1 1 1 1 1 1 1 1 1 1 1 1 1 1 1 1 1 1 1 1 1 1 1 1 1 1 1 1 1 1 1 0.00865169520312063 1 0.920044414629323 1 1 1 1 0.659240630200444 1 1 1 1 0.0892185174092598 1 1 1 0.22313016014843 1 1 1 1 1 1 1 1
"MVLDLC" 1 1 1 1 1 1 1 1 1 1 1 1 1 1 1 0.778800783071405 0.778800783071405 1 1 1 1 1 1 1 1 1 1 1 1 1 1 1 1 1 1 1 1 1 1 1 1 1 1 1 1 1 1 1 1 1 1 1 1 1 1 1 1 1 1 1 1 1 1 1 1 1 1 1 1 1 1 1 1 1 1 1 1 1 1 1 1 1 1 1 1 1 1 1 1 1 1 1 0.920044414629323 1 0.920044414629323 0.846481724890614 1 1 1 0.338465425106743 1 1 1 1 1 1 1 1 1 1 1 1 1 1 1 1
"MVLDLCE" 1 1 1 1 1 1 1 1 1 1 1 1 1 1 1 0.846481724890614 1 1 1 1 1 1 1 1 1 1 1 1 1 1 1 1 1 1 1 1 1 1 1 1 1 1 1 1 1 1 1 1 1 1 1 1 1 1 1 1 1 1 1 1 1 1 1 1 1 1 1 1 1 1 1 1 1 1 1 1 1 1 1 1 1 1 1 1 1 1 1 1 1 1 1 1 1 1 1 1 1 1 1 1 1 1 1 1 1 1 1 1 1 1 1 1 1 1 1 1
"MVLDLFC" 1 1 1 1 1 1 1 1 1 1 1 1 1 1 1 0.716531310573789 1 0.846481724890614 0.472366552741015 1 1 1 1 1 1 0.920044414629323 1 1 1 1 1 1 1 1 1 1 1 1 1 1 1 1 1 0.188875602837561 1 1 1 1 1 1 1 1 1 1 1 1 1 1 1 1 1 1 1 1 1 1 1 1 1 1 1 1 1 1 1 1 1 1 1 1 0.920044414629323 1 1 1 1 1 1 1 1 1 1 0.00524751839918138 1 0.434598208507078 1 0.778800783071405 0.920044414629323 0.0183156388887342 0.013123728736941 0.659240630200444 1 3.72665317207867e-06 1 0.000158461325115751 1.19672915560464e-05 0.00376001123582552 0.513417119032592 0.263597138115728 0.920044414629323 0.920044414629323 1 1 1 1 1 1
"MVLDLL" 1 1 1 1 1 1 1 1 1 1 1 1 1 1 1 0.311403223914597 1 0.778800783071405 0.22313016014843 1 1 1 1 1 1 0.920044414629323 1 1 1 1 1 1 1 1 1 1 1 1 1 1 1 1 1 0.147096467392976 1 1 1 1 1 1 1 1 1 1 1 1 1 1 1 1 1 1 1 1 1 1 1 1 1 1 1 1 1 1 1 1 1 1 1 1 0.920044414629323 1 1 1 1 1 1 1 1 1 1 0.00193045413622771 0.778800783071405 0.135335283236613 0.778800783071405 0.778800783071405 0.920044414629323 0.00524751839918138 0.0102207702171464 0.513417119032592 1 1 1 6.88670080129634e-05 7.03873864442848e-07 0.000203468369010644 0.147096467392976 0.135335283236613 0.716531310573789 0.920044414629323 1 1 1 1 1 1
"MVLDLP" 1 1 1 1 1 1 0.920044414629323 1 1 0.920044414629323 0.846481724890614 1 0.434598208507078 0.920044414629323 0.920044414629323 0.338465425106743 0.920044414629323 0.920044414629323 0.472366552741015 1 0.846481724890614 1 1 1 1 1 1 1 1 1 0.920044414629323 1 1 1 1 1 0.716531310573789 1 1 1 0.920044414629323 1 1 1 1 1 1 1 1 1 1 1 1 1 1 1 1 1 1 1 1 1 1 1 1 1 1 1 1 1 1 1 1 1 1 1 1 1 1 1 1 1 1 1 1 1 1 1 1 1 1 1 0.846481724890614 0.159879746079694 0.716531310573789 1 1 0.920044414629323 0.399849654344847 0.513417119032592 0.472366552741015 0.0458063141726216 1 0.28650479686019 0.0969719678644054 0.0301973834223185 0.311403223914597 1 0.716531310573789 1 1 1 1 1 1 1
"MVLDLPL" 1 1 1 1 1 1 1 1 1 1 1 1 1 1 1 0.716531310573789 0.920044414629323 1 1 1 1 1 1 1 1 1 1 1 1 1 1 1 1 1 1 1 1 1 1 1 1 1 1 1 1 1 1 1 1 1 1 1 1 1 1 1 1 1 1 1 1 1 1 1 1 1 1 1 1 1 1 1 1 1 1 1 1 1 1 1 1 1 1 1 1 1 1 1 1 1 1 1 0.920044414629323 1 0.920044414629323 0.778800783071405 1 1 0.0199073420777336 0.846481724890614 1 1 1 1 1 1 1 0.659240630200444 1 1 1 1 1 1 1 1
"MVLDLTG" 1 1 1 1 1 1 1 1 1 1 0.920044414629323 1 1 1 1 0.472366552741015 1 0.920044414629323 0.399849654344847 1 1 1 1 1 1 0.920044414629323 1 1 1 1 1 1 1 1 1 1 1 1 1 1 1 1 1 0.147096467392976 1 1 1 1 1 1 1 1 1 1 1 1 1 1 1 1 1 1 1 1 1 1 1 1 1 1 1 1 1 1 1 1 1 1 1 1 0.920044414629323 1 1 1 1 1 1 1 1 1 1 0.00376001123582552 1 0.367879441171442 0.846481724890614 0.778800783071405 0.920044414629323 0.013123728736941 0.0216373707194932 0.778800783071405 1 1 1 0.000113542500960449 1 0.000553084370147834 0.173773943450445 0.159879746079694 0.716531310573789 0.920044414629323 1 1 1 1 1 1
"SVLDLTG" 1 1 1 1 1 1 0.846481724890614 1 1 1 0.778800783071405 1 1 0.846481724890614 0.558035145770047 0.0497870683678639 0.22313016014843 0.558035145770047 0.0155038535990093 1 1 1 1 1 1 1 1 1 1 1 1 1 1 1 1 1 1 1 1 1 1 1 1 1 1 1 1 1 1 1 1 1 1 1 1 1 1 1 1 1 1 1 1 1 1 1 1 1 1 1 1 1 1 1 1 1 1 1 1 1 1 1 1 1 1 1 1 1 1 1 1 0.367879441171442 0.778800783071405 0.188875602837561 1 0.920044414629323 1 0.242521074635648 0.0541137662228214 0.606530659712633 1 1 1 0.00376001123582552 1 1 1 0.472366552741015 0.846481724890614 1 1 1 1 1 1 1
"SerumTG" 1 1 1 1 1 1 1 1 1 1 1 1 1 1 0.920044414629323 0.338465425106743 0.778800783071405 1 0.28650479686019 1 1 1 1 1 1 1 1 1 1 1 1 1 1 1 1 1 1 1 1 1 1 1 1 1 1 1 1 1 1 1 1 1 1 1 1 1 1 1 1 1 1 1 1 1 1 1 1 1 1 1 1 1 1 1 1 1 1 1 1 1 1 1 1 1 1 1 1 1 1 1 1 1 0.920044414629323 0.659240630200444 1 1 1 0.778800783071405 0.920044414629323 1 1 1 1 0.367879441171442 1 0.0588164716424301 1 0.920044414629323 0.920044414629323 1 1 1 1 1 1 1
"TotFA" 1 1 1 1 1 1 1 1 1 1 1 1 1 1 1 1 1 1 1 1 1 1 1 1 1 0.920044414629323 1 1 1 1 1 1 1 1 1 1 1 1 1 1 1 1 1 1 1 1 1 1 1 1 1 1 1 1 1 1 1 1 1 1 1 1 1 1 1 1 1 1 1 1 1 1 1 1 1 1 1 1 1 1 1 1 1 1 1 1 1 1 1 1 1 1 1 1 1 1 1 1 0.846481724890614 1 1 1 1 1 1 1 1 1 1 1 1 1 1 1 1 1
"VLDLD" 1 1 1 1 1 1 1 1 1 1 1 1 1 1 1 1 1 1 1 1 1 1 1 1 1 1 1 1 1 1 1 1 1 1 1 1 1 1 1 1 1 1 1 1 1 1 1 1 1 1 1 1 1 1 1 1 1 1 1 1 1 1 1 1 1 1 1 1 1 1 1 1 1 1 1 1 1 1 1 1 1 1 1 1 1 1 1 1 1 1 1 1 1 1 1 1 1 1 1 1 1 1 1 1 1 1 1 1 1 1 1 1 1 1 1 1
"XLVLDLTG" 1 1 1 1 1 1 1 1 1 1 1 1 1 1 1 1 1 1 1 1 1 1 1 1 1 1 1 1 1 1 1 1 1 1 1 1 1 1 1 1 1 1 1 1 1 1 1 1 1 1 1 1 1 1 1 1 1 1 1 1 1 1 1 1 1 1 1 1 1 1 1 1 1 1 1 1 1 1 1 1 1 1 1 1 1 1 1 1 1 1 1 1 1 1 1 1 1 1 1 1 1 1 1 1 1 1 1 1 1 1 1 1 1 1 1 1
"rs115849089" 1 1 1 1 1 1 0.846481724890614 1 0.951229424500714 0.959189457109138 0.959189457109138 0.920044414629323 0.196911675204194 1 0.747017500310432 0.28650479686019 0.416862019678508 0.687289278790972 0.188875602837561 0.716531310573789 1 0.716531310573789 1 0.846481724890614 1 1 1 1 0.920044414629323 0.959189457109138 1 0.991701292638876 0.959189457109138 0.558035145770047 0.606530659712633 0.606530659712633 0.399849654344847 0.882496902584595 0.811936346150635 0.920044414629323 0.959189457109138 0.606530659712633 0.882496902584595 0.383531572876311 1 0.778800783071405 1 0.935506985031618 0.991701292638876 1 1 1 1 1 1 1 1 1 1 1 1 1 1 1 1 1 1 0.991701292638876 0.967216100482006 0.975309912028333 0.959189457109138 0.959189457109138 1 1 1 1 1 1 0.959189457109138 0.920044414629323 0.882496902584595 0.959189457109138 0.959189457109138 0.882496902584595 1 1 1 1 0.975309912028333 0.991701292638876 1 0.188875602837561 0.882496902584595 0.352866081458848 1 0.920044414629323 1 0.232623657917293 0.153354966844928 0.558035145770047 0.022557973880056 0.00795994384870648 0.242521074635648 0.0421438435092763 0.0161634945881659 0.0216373707194932 0.338465425106743 0.558035145770047 0.920044414629323 1 1 1 1 1 0.64834434100151 0.386741023454501
"rs1260326" 1 1 1 1 1 1 1 1 1 1 1 1 1 1 1 1 1 1 1 1 1 1 1 0.959189457109138 1 1 1 1 1 1 1 1 1 1 1 1 0.920044414629323 1 1 1 1 1 0.959189457109138 1 1 1 1 1 1 1 1 1 1 1 1 1 1 1 1 1 1 1 1 1 1 1 1 1 1 1 1 1 1 1 1 1 1 1 1 1 1 1 1 1 1 1 1 1 1 1 1 0.959189457109138 1 0.959189457109138 0.959189457109138 1 1 0.920044414629323 1 1 0.920044414629323 0.882496902584595 0.959189457109138 1 0.920044414629323 1 1 0.959189457109138 1 1 1 1 1 1 1 1
"rs140576955" 1 1 1 1 0.959189457109138 1 0.53526142851899 0.778800783071405 0.734670387060492 0.959189457109138 1 0.581777814209808 0.22313016014843 1 1 0.747017500310432 1 0.53526142851899 0.28650479686019 0.214024097177447 0.747017500310432 0.338465425106743 1 0.311403223914597 0.959189457109138 0.846481724890614 0.959189457109138 1 0.367879441171442 0.558035145770047 0.959189457109138 0.811936346150635 0.920044414629323 0.63233666218625 0.63233666218625 0.416862019678508 0.101097824987218 1 0.513417119032592 0.606530659712633 0.920044414629323 0.606530659712633 0.747017500310432 0.181167486946923 0.882496902584595 0.252839595804746 0.959189457109138 0.90483741803596 0.991701292638876 0.659240630200444 0.513417119032592 0.659240630200444 0.581777814209808 0.606530659712633 0.811936346150635 1 1 0.472366552741015 0.811936346150635 1 0.920044414629323 1 0.53526142851899 0.846481724890614 0.811936346150635 1 1 0.975309912028333 0.882496902584595 0.943335449873492 0.959189457109138 1 1 1 1 1 1 1 0.959189457109138 1 0.920044414629323 1 1 0.659240630200444 1 1 1 1 0.935506985031618 1 1 0.0301973834223185 1 0.846481724890614 1 0.882496902584595 0.959189457109138 0.0439369336234074 0.135335283236613 0.882496902584595 0.00269416577857822 0.00122069692500587 0.811936346150635 0.0136821027792507 0.00218749111818289 0.0477552310788268 0.63233666218625 0.274812380559489 0.959189457109138 0.959189457109138 0.464559020360911 0.983471453821617 1 1 0.642963921046297 0.361798928839961
"rs6976930" 1 1 1 1 1 1 1 1 1 1 1 1 1 1 1 1 1 1 1 1 1 1 1 1 1 1 1 1 1 1 1 1 1 1 1 1 1 1 1 1 1 1 1 1 1 1 1 1 1 1 1 1 1 1 1 1 1 1 1 1 1 1 1 1 1 1 1 1 1 1 1 1 1 1 1 1 1 1 1 1 1 1 1 1 1 1 1 1 1 1 1 1 1 0.959189457109138 1 1 1 1 1 1 0.959189457109138 0.959189457109138 0.959189457109138 1 0.959189457109138 1 1 1 0.959189457109138 1 1 1 1 1 1 1
"rs8107974" 1 1 1 1 1 1 0.659240630200444 1 1 0.882496902584595 0.846481724890614 0.716531310573789 0.311403223914597 0.959189457109138 0.811936346150635 0.472366552741015 0.63233666218625 0.606530659712633 0.28650479686019 0.687289278790972 0.778800783071405 0.778800783071405 1 0.778800783071405 1 0.959189457109138 1 1 0.959189457109138 0.959189457109138 0.920044414629323 1 1 0.920044414629323 0.920044414629323 0.920044414629323 0.63233666218625 1 0.959189457109138 0.846481724890614 0.920044414629323 0.659240630200444 0.811936346150635 0.687289278790972 1 0.687289278790972 1 1 1 1 0.959189457109138 0.959189457109138 0.959189457109138 0.959189457109138 0.959189457109138 0.959189457109138 1 1 1 1 1 1 1 1 1 1 1 1 1 1 1 1 1 1 1 1 1 1 0.959189457109138 1 0.959189457109138 1 1 0.959189457109138 1 1 1 1 1 1 1 0.274812380559489 0.882496902584595 0.252839595804746 0.811936346150635 1 1 0.311403223914597 0.252839595804746 0.581777814209808 0.109883635376397 0.034218118311666 0.242521074635648 0.135335283236613 0.0694834512228013 0.109883635376397 0.558035145770047 0.747017500310432 0.882496902584595 0.959189457109138 1 0.991701292638876 1 1 1 1
"rs964184" 1 1 1 1 1 1 0.747017500310432 0.959189457109138 1 0.959189457109138 0.846481724890614 0.811936346150635 0.105399224561864 0.920044414629323 0.747017500310432 0.263597138115728 0.513417119032592 0.63233666218625 0.129812176855438 0.716531310573789 0.920044414629323 0.659240630200444 1 0.811936346150635 1 0.959189457109138 1 1 0.920044414629323 0.920044414629323 0.920044414629323 1 0.920044414629323 0.716531310573789 0.811936346150635 0.716531310573789 0.383531572876311 0.920044414629323 0.716531310573789 0.747017500310432 0.882496902584595 0.352866081458848 0.778800783071405 0.472366552741015 0.920044414629323 0.53526142851899 0.959189457109138 1 1 1 0.959189457109138 1 1 1 1 1 1 0.959189457109138 0.959189457109138 1 1 1 0.959189457109138 0.959189457109138 0.959189457109138 1 1 1 0.935506985031618 1 1 1 1 1 1 1 1 1 1 1 1 1 1 0.811936346150635 1 1 1 1 1 1 1 0.20528965757991 0.882496902584595 0.298694689288679 0.920044414629323 0.882496902584595 0.959189457109138 0.28650479686019 0.101097824987218 0.581777814209808 0.00940356255149518 0.0020982184180809 0.11943296826672 0.0136821027792507 0.00360656313601573 0.00391998807738947 0.242521074635648 0.453089017280169 0.846481724890614 1 1 1 1 0.991701292638876 0.548811636094027 1
